4.01
4.00
3.99
3.98
3.98
3.99
3.98
3.98
3.99
3.98
4.00
3.99
3.99
3.99
3.98
4.00
4.00
4.01
3.99
4.01
4.00
4.00
4.01
4.00
3.98
3.99
3.98
4.00
4.00
3.98
4.00
4.00
3.99
3.99
4.01
3.99
4.00
4.01
4.00
4.00
4.00
3.98
4.01
4.00
4.01
3.98
4.00
3.98
3.98
3.98
3.99
3.98
3.99
4.00
3.98
4.00
3.99
3.99
3.99
3.98
3.99
3.98
3.98
3.99
3.98
3.98
3.99
3.99
4.00
4.00
3.99
4.00
4.00
4.01
4.00
4.01
4.00
3.99
4.00
3.99
3.98
4.00
4.00
3.99
4.00
3.99
4.00
4.00
4.00
3.98
3.99
4.00
4.00
3.99
3.99
3.99
4.00
3.99
4.00
4.01
3.99
3.98
4.00
3.98
4.00
4.01
4.00
4.01
4.00
4.01
4.01
4.00
4.00
4.00
3.99
3.99
4.00
3.99
3.99
4.01
3.99
3.99
3.99
3.99
3.98
4.00
4.00
3.99
3.98
3.98
4.00
3.99
4.01
3.99
3.99
4.00
3.99
3.99
3.99
3.99
4.00
4.00
3.98
3.98
3.98
3.98
3.98
3.99
3.98
4.01
4.01
3.99
3.98
3.99
3.98
3.99
3.98
3.98
4.01
4.00
3.98
3.98
3.99
3.99
4.00
3.98
3.99
4.01
3.99
3.99
3.98
3.98
4.00
4.00
3.99
3.99
3.98
3.98
3.99
4.00
3.98
3.99
3.99
4.00
4.00
3.98
4.01
4.00
3.98
3.98
3.99
3.99
3.99
4.01
4.00
3.99
4.00
3.99
4.00
4.00
3.98
3.98
3.98
3.99
4.01
3.98
3.98
4.00
3.99
3.99
3.99
4.00
4.00
3.98
4.00
4.01
4.00
4.00
4.00
4.00
4.01
3.97
3.99
3.99
3.98
3.99
3.98
3.98
3.98
4.01
3.98
3.99
3.99
3.98
3.98
4.00
3.99
3.98
3.99
3.98
4.01
3.98
4.00
4.00
3.98
4.00
3.98
4.00
3.99
4.00
3.98
3.98
3.99
3.99
3.98
3.98
4.01
4.01
3.98
3.99
3.98
3.98
3.99
3.99
3.99
3.99
4.01
3.99
4.00
4.00
3.98
3.99
3.99
4.00
4.00
4.00
3.98
4.00
3.98
3.99
3.98
3.98
3.99
3.99
3.99
4.00
4.00
4.00
3.98
3.98
3.99
3.99
4.00
3.98
3.99
4.01
4.01
3.98
3.98
4.00
3.98
3.99
3.98
3.98
3.98
4.00
3.99
3.98
3.98
4.01
3.99
3.98
3.99
3.98
3.99
3.99
4.00
4.01
4.00
4.00
4.00
3.98
4.01
4.00
3.98
3.99
3.99
3.98
4.00
3.98
4.00
3.98
3.99
3.98
4.00
3.99
3.98
3.99
4.00
3.99
3.98
3.98
3.99
3.98
3.99
3.97
3.99
4.00
3.98
3.98
4.00
3.99
4.00
3.98
4.00
4.00
4.00
3.98
3.99
3.98
3.99
4.01
3.99
4.00
3.99
3.98
3.98
3.99
3.98
3.98
4.01
4.00
4.00
3.99
3.98
4.00
3.99
3.99
3.98
3.99
3.98
3.98
4.00
3.98
3.98
4.00
4.00
3.99
4.01
3.99
3.99
3.99
4.01
3.99
4.01
3.98
4.01
3.98
3.98
4.00
4.00
3.98
4.00
3.99
4.00
4.00
3.99
4.01
3.98
3.98
3.98
3.98
3.99
3.99
4.00
3.98
3.99
3.99
4.00
4.00
4.00
3.97
3.98
3.98
4.01
4.00
4.00
4.00
3.99
3.98
4.01
3.98
4.00
4.00
3.98
3.99
3.99
3.99
3.98
3.98
4.00
4.00
3.98
3.98
3.99
4.01
3.99
4.01
3.98
4.00
3.98
3.99
3.98
3.99
3.98
4.00
4.00
3.99
4.00
3.97
4.01
3.98
4.00
3.98
3.98
4.00
4.00
3.99
3.98
4.00
3.98
3.98
3.99
3.99
4.00
3.98
3.99
3.99
3.98
3.99
4.01
3.98
4.01
4.01
4.01
4.00
3.98
3.98
3.98
4.00
4.01
3.98
4.00
3.98
3.99
4.00
4.00
3.98
4.00
4.00
4.00
3.99
3.99
4.00
3.98
3.99
3.98
3.99
3.98
4.01
3.98
3.99
3.99
3.97
3.98
3.99
3.98
3.99
3.98
4.00
3.99
3.98
3.98
3.99
4.01
3.97
3.98
4.00
4.01
4.01
4.00
3.98
4.01
3.98
3.99
3.98
3.98
3.98
3.99
4.00
3.97
3.98
3.99
4.00
4.00
4.00
4.01
3.99
3.98
3.98
3.98
3.98
3.98
3.98
4.00
3.99
3.98
4.00
3.99
3.99
3.99
3.99
4.01
4.00
4.00
3.99
3.98
3.98
3.99
3.98
3.98
3.97
3.99
4.00
3.97
3.99
3.99
3.98
3.99
4.00
3.99
4.01
3.99
4.00
4.00
4.00
3.98
3.99
3.98
4.00
3.99
3.98
3.99
4.00
4.00
3.99
3.98
4.00
3.99
3.99
3.99
3.98
3.99
4.00
3.99
3.99
4.00
3.98
3.99
4.00
4.00
3.98
4.00
3.98
3.98
3.99
3.98
3.98
3.98
4.00
4.00
4.00
3.98
3.99
3.99
4.01
4.00
3.99
4.00
4.01
3.98
3.98
3.99
4.00
3.99
3.98
3.98
3.99
4.00
4.00
3.99
4.00
3.98
3.99
4.01
4.00
3.98
4.00
3.98
3.99
3.98
4.00
4.00
3.99
4.00
3.98
4.00
4.00
3.99
3.99
3.98
3.98
3.98
3.98
3.99
3.99
4.01
3.98
3.99
4.01
4.00
3.99
4.01
4.00
3.98
4.00
4.00
3.99
3.98
3.98
4.01
3.99
3.98
3.98
3.97
3.98
4.00
4.00
3.98
3.98
4.01
3.98
4.00
4.00
3.99
4.00
3.99
4.00
3.99
3.98
4.00
3.98
3.98
3.99
3.99
4.01
3.97
3.98
4.01
4.00
4.01
3.99
3.98
3.99
3.98
4.00
3.99
4.00
4.00
4.00
3.98
3.98
4.00
3.99
3.98
4.00
4.00
3.99
3.99
3.99
3.98
4.00
4.01
3.98
3.98
4.01
3.98
3.99
4.01
4.01
3.98
4.00
4.00
3.99
3.99
4.01
3.98
4.00
4.00
3.98
3.98
3.99
4.01
3.98
4.00
3.99
4.01
3.98
3.98
4.00
3.98
3.98
4.00
3.99
3.98
4.00
3.98
4.00
4.00
3.99
3.99
3.99
4.01
3.98
3.98
3.99
3.98
3.99
3.99
3.98
3.99
4.00
3.99
4.00
4.00
3.97
3.99
4.00
3.98
3.98
4.00
4.00
3.98
3.99
4.00
3.98
4.00
3.99
3.98
3.98
4.00
4.00
3.99
3.98
3.99
3.98
4.00
3.99
3.99
3.98
3.99
3.99
3.98
3.76
3.76
3.77
3.74
3.77
3.76
3.75
3.76
3.75
3.77
3.76
3.76
3.76
3.75
3.77
3.77
3.77
0.00
0,78,1013
0,78,1014
0,77,1014
0,76,1016
0,77,1015
0,77,1013
0,76,1014
0,78,1013
0,77,1014
0,78,1015
0,77,1014
0,77,1014
0,78,1013
3.78
3.76
0,77,1014
0,77,1015
3.74
3.76
3.77
3.77
3.75
3.77
3.76
3.74
3.76
3.78
3.76
3.75
3.77
3.77
3.76
3.77
3.76
3.75
3.77
3.76
3.77
3.76
3.77
3.76
3.76
3.78
3.74
3.75
3.76
3.76
3.74
3.76
3.77
3.76
3.76
3.75
3.76
3.77
3.77
3.76
3.77
3.77
3.77
3.75
3.76
3.77
3.77
3.76
3.78
3.76
3.77
3.76
3.77
3.76
3.78
3.76
3.76
3.76
3.76
3.77
3.74
3.76
3.77
3.76
3.75
3.75
3.77
3.76
3.76
3.75
3.76
3.76
3.76
3.77
3.74
3.74
3.77
3.78
3.76
3.78
3.74
3.77
3.76
3.75
3.76
3.76
3.75
3.74
3.77
3.78
3.76
3.76
3.75
3.76
3.77
3.75
3.76
3.76
3.75
3.76
3.76
3.76
3.76
3.76
3.76
3.78
3.76
3.75
3.75
3.74
3.77
3.77
3.76
3.75
3.74
3.75
3.76
3.75
3.76
3.75
3.77
3.74
3.76
3.75
3.78
3.76
3.76
3.76
3.75
3.77
3.75
3.75
3.76
3.77
3.77
3.76
3.76
3.75
3.77
3.74
3.78
3.76
3.77
3.76
3.76
3.76
3.76
3.77
3.74
3.77
3.75
3.75
3.76
3.76
3.76
3.76
3.76
3.76
3.77
3.76
3.78
3.76
3.76
3.77
3.75
3.77
3.76
3.78
3.76
3.74
3.75
3.76
3.76
3.76
3.74
3.76
3.76
3.75
3.72
3.74
3.76
3.76
3.76
3.78
3.77
3.77
3.75
3.77
3.76
3.76
3.77
3.76
3.74
3.76
3.78
3.78
3.75
3.77
3.75
3.77
3.76
3.75
3.76
3.78
3.76
3.76
3.77
3.76
3.77
3.74
3.75
3.75
3.77
3.76
3.76
3.76
3.76
3.76
3.76
3.76
3.75
3.76
3.74
3.77
3.76
3.78
3.76
3.78
3.77
3.75
3.75
3.77
3.76
3.77
3.75
3.76
3.76
3.75
3.77
3.76
3.76
3.76
3.77
3.75
3.76
3.78
3.76
3.75
3.76
3.75
3.75
3.75
3.77
3.76
3.76
3.76
3.76
3.77
3.75
3.76
3.75
3.76
3.77
3.75
3.77
3.76
3.76
3.76
3.76
3.77
3.75
3.76
3.76
3.77
3.77
3.75
3.75
3.76
3.76
3.75
3.77
3.77
3.76
3.76
3.76
3.76
3.75
3.76
3.78
3.76
3.76
3.77
3.76
3.75
3.76
3.77
3.77
3.75
3.74
3.76
3.76
3.75
3.76
3.75
3.77
3.77
3.76
3.77
3.76
3.76
3.75
3.76
3.76
3.75
3.76
3.76
3.76
3.76
3.77
3.76
3.77
3.77
3.77
3.77
3.76
3.75
3.78
3.76
3.77
3.75
3.75
3.77
3.77
3.75
3.76
3.76
3.76
3.76
3.76
3.77
3.76
3.77
3.76
3.76
3.76
3.75
3.74
3.76
3.75
3.76
3.75
3.76
3.75
3.78
3.78
3.76
3.76
3.76
3.77
3.75
3.76
3.77
3.76
3.76
3.78
3.77
3.76
3.76
3.75
3.75
3.78
3.75
3.76
3.75
3.76
3.74
3.76
3.76
3.76
3.77
3.75
3.75
3.77
3.75
3.76
3.76
3.75
3.76
3.77
3.76
3.77
3.76
3.76
3.77
3.77
3.74
3.78
3.77
3.76
3.76
3.76
3.75
3.76
3.78
3.75
3.75
3.76
3.77
3.76
3.76
3.75
3.75
3.76
3.76
3.76
3.76
3.77
3.77
3.75
3.76
3.76
3.75
3.76
3.75
3.75
3.75
3.78
3.76
3.77
3.77
3.75
3.76
3.75
3.76
3.77
3.76
3.77
3.76
3.76
3.76
3.77
3.75
3.77
3.75
3.77
3.76
3.76
3.76
3.75
3.76
3.77
3.75
3.75
3.75
3.77
3.75
3.76
3.76
3.76
3.76
3.75
3.76
3.76
3.76
3.76
3.75
3.76
3.76
3.76
3.77
3.77
3.76
3.75
3.76
3.75
3.75
3.78
3.76
3.77
3.76
3.77
3.77
3.76
3.76
3.76
3.76
3.76
3.76
3.76
3.76
3.76
3.76
3.75
3.74
3.77
3.74
3.76
3.76
3.75
3.75
3.76
3.76
3.76
3.76
3.76
3.76
3.75
3.76
3.76
3.76
3.76
3.76
3.76
3.76
3.77
3.76
3.76
3.77
3.76
3.76
3.75
3.75
3.76
3.76
3.74
3.74
3.75
3.75
3.76
3.76
3.76
3.76
3.75
3.76
3.78
3.76
3.77
3.77
3.75
3.75
3.77
3.77
3.76
3.75
3.75
3.78
3.76
3.77
3.75
3.76
3.76
3.75
3.76
3.76
3.75
3.75
3.75
3.77
3.76
3.76
3.77
3.77
3.76
3.75
3.76
3.75
3.77
3.77
3.77
3.78
3.76
3.77
3.75
3.75
3.76
3.77
3.77
3.77
3.77
3.76
3.77
3.77
3.77
3.76
3.77
3.76
3.76
3.76
3.75
3.77
3.75
3.76
3.77
3.76
3.75
3.77
3.75
3.77
3.76
3.77
3.77
3.76
3.75
3.77
3.75
3.78
3.76
3.77
3.75
3.76
3.78
3.77
3.77
3.77
3.77
3.76
3.76
3.76
3.75
3.76
3.78
3.77
3.76
3.78
3.77
3.75
3.75
3.76
3.77
3.77
3.77
3.77
3.75
3.77
3.76
3.76
3.77
3.76
3.75
3.75
3.76
3.75
3.76
3.76
3.75
3.76
3.76
3.76
3.76
3.77
3.76
3.75
3.77
3.76
3.76
3.76
3.75
3.76
3.76
3.76
3.75
3.76
3.77
3.77
3.75
3.75
3.73
3.75
3.75
3.77
3.76
3.76
3.76
3.76
3.76
3.76
3.76
3.76
3.76
3.75
3.76
3.76
3.77
3.76
3.76
3.75
3.76
3.76
3.76
3.77
3.75
3.78
3.76
3.77
3.75
3.76
3.77
3.75
3.78
3.75
3.77
3.76
3.76
3.74
3.76
3.76
3.77
3.76
3.75
3.77
3.77
3.76
3.75
3.76
3.74
3.76
3.76
3.76
3.77
3.75
3.76
3.77
3.76
3.75
3.76
3.76
3.76
3.76
3.75
3.76
3.76
3.76
3.76
3.77
3.74
3.75
3.76
3.76
3.76
3.76
3.75
3.76
3.77
3.77
3.76
3.76
3.77
3.76
3.77
3.74
3.75
3.76
3.76
3.76
3.77
3.76
3.76
3.76
3.78
3.77
3.76
3.76
3.76
3.77
3.75
3.77
3.76
3.76
3.76
3.76
3.74
3.77
3.76
3.76
3.77
3.77
3.77
3.77
3.75
3.76
3.76
3.77
3.75
3.77
3.76
3.75
3.74
3.77
3.77
3.76
3.77
3.76
3.77
3.76
3.75
3.76
3.75
3.77
3.78
3.76
3.77
3.75
3.77
3.76
3.78
3.77
3.76
3.77
3.76
3.77
3.76
3.78
3.77
3.76
3.76
3.77
3.77
3.77
3.75
3.76
3.76
3.76
3.77
3.76
3.76
3.76
3.74
3.76
3.77
3.78
3.77
3.76
3.76
3.78
3.77
3.76
3.77
3.77
3.75
3.77
3.77
3.78
3.76
3.76
3.77
3.78
3.77
3.76
3.76
3.76
3.76
3.76
3.75
3.76
3.77
3.75
3.75
3.77
3.76
3.76
3.76
3.76
3.76
3.76
3.76
3.76
3.76
3.76
3.76
3.78
3.74
3.78
3.75
3.75
3.76
3.75
3.76
3.76
3.76
3.76
3.75
3.76
3.76
3.75
3.77
3.78
3.76
3.76
3.77
3.77
3.76
3.77
3.76
3.75
3.75
3.75
3.75
3.75
3.76
3.75
3.75
3.76
3.76
3.75
3.75
3.76
3.78
3.76
3.76
3.78
3.76
3.77
3.76
3.75
3.77
3.75
3.76
3.75
3.76
3.76
3.75
3.75
3.76
3.77
3.76
3.75
3.76
3.76
3.77
3.76
3.74
3.77
3.76
3.77
3.78
3.76
3.76
3.76
3.76
3.75
3.76
3.76
3.76
3.76
3.77
3.75
3.77
3.78
3.76
3.75
3.75
3.76
3.77
3.76
3.77
3.77
3.76
3.77
3.75
3.75
3.76
3.75
3.76
3.76
3.77
3.76
3.77
3.74
3.75
3.75
3.77
3.75
3.77
3.76
3.76
3.76
3.76
3.76
3.74
3.76
3.76
3.77
3.77
3.78
3.78
3.76
3.76
3.75
3.76
3.75
3.75
3.76
3.76
3.76
3.77
3.75
3.76
3.78
3.76
3.75
3.76
3.77
3.75
3.77
3.76
3.76
3.78
3.76
3.76
3.77
3.76
3.76
3.76
3.77
3.76
3.77
3.76
3.77
3.77
3.76
3.77
3.76
3.76
3.75
3.74
3.77
3.76
3.76
3.76
3.75
3.76
3.75
3.76
3.75
3.78
3.78
3.74
3.76
3.75
3.76
3.76
3.76
3.76
3.77
3.75
3.77
3.76
3.74
3.76
3.75
3.77
3.76
3.76
3.75
3.77
3.75
3.74
3.75
3.76
3.75
3.74
3.76
3.76
3.76
3.75
3.75
3.76
3.76
3.75
3.75
3.75
3.76
3.76
3.75
3.76
3.76
3.75
3.78
3.76
3.76
3.76
3.76
3.76
3.76
3.75
3.75
3.77
3.76
3.76
3.76
3.76
3.75
3.76
3.75
3.77
3.76
3.75
3.77
3.75
3.76
3.75
3.76
3.77
3.75
3.77
3.76
3.76
3.76
3.76
3.76
3.75
3.77
3.76
3.76
3.76
3.77
3.77
3.76
3.75
3.76
3.77
3.77
3.76
3.77
3.76
3.76
3.75
3.78
3.77
3.76
3.74
3.77
3.74
3.76
3.76
3.76
3.75
3.77
3.76
3.76
3.77
3.77
3.76
3.77
3.76
3.76
3.76
3.76
3.76
3.77
3.76
3.76
3.77
3.77
3.76
3.76
3.78
3.78
3.76
3.75
3.76
3.75
3.78
3.77
3.76
3.76
3.76
3.76
3.75
3.76
3.77
3.75
3.76
3.76
3.76
3.76
3.77
3.76
3.77
3.76
3.75
3.76
3.76
3.78
3.76
3.76
3.76
3.74
3.77
3.76
3.76
3.76
3.77
3.75
3.77
3.74
3.76
3.74
3.77
3.76
3.74
3.78
3.75
3.77
3.77
3.75
3.77
3.76
3.77
3.76
3.76
3.76
3.76
3.77
3.75
3.77
3.77
3.76
3.76
3.75
3.76
3.75
3.75
3.76
3.77
3.76
3.78
3.77
3.77
3.77
3.77
3.75
3.76
3.77
3.77
3.76
3.76
3.76
3.76
3.76
3.77
3.76
3.76
3.77
3.76
3.76
3.76
3.77
3.75
3.76
3.76
3.75
3.76
3.76
3.76
3.76
3.75
3.76
3.76
3.75
3.76
3.76
3.75
3.76
3.75
3.75
3.78
3.78
3.76
3.76
3.76
3.74
3.78
3.76
3.76
3.77
3.75
3.76
3.75
3.76
3.77
3.78
3.76
3.75
3.76
3.75
3.76
3.75
3.76
3.75
3.78
3.77
3.76
3.75
3.76
3.77
3.77
3.75
3.76
3.76
3.76
3.76
3.76
3.76
3.75
3.75
3.76
3.76
3.75
3.76
3.76
3.75
3.77
3.76
3.76
3.76
3.75
3.78
3.78
3.07
3.08
3.07
3.06
3.07
3.07
3.09
3.09
3.08
3.07
3.07
3.76
3.76
3.75
3.76
3.76
3.76
3.76
3.75
3.75
3.76
3.75
3.77
3.75
3.74
3.76
3.77
3.75
3.76
3.74
3.75
3.78
3.77
3.76
3.76
3.76
3.78
3.77
3.76
3.76
3.76
3.76
3.76
3.75
3.76
3.77
3.75
3.74
3.74
3.75
3.74
3.78
3.75
3.76
3.77
3.77
3.74
3.75
3.76
3.74
3.75
3.76
3.76
3.76
3.75
3.76
3.78
3.76
3.76
3.76
3.75
3.76
3.75
3.76
3.75
3.77
3.76
3.75
3.76
3.76
3.76
3.76
3.76
3.76
3.77
3.76
3.76
3.75
3.78
3.76
3.76
3.76
3.74
3.76
3.75
3.76
3.74
3.77
3.76
3.76
3.76
3.76
3.75
3.77
3.75
3.75
3.76
3.74
3.76
3.76
3.75
3.76
3.75
3.76
3.77
3.76
3.75
3.75
3.75
3.77
3.77
3.78
3.76
3.77
3.75
3.74
3.74
3.74
3.75
3.75
3.76
3.77
3.75
3.76
3.75
3.76
3.76
3.76
3.74
3.75
3.76
3.76
3.76
3.76
3.76
3.76
3.75
3.76
3.75
3.76
3.76
3.75
3.76
3.76
3.75
3.75
3.75
3.78
3.76
3.76
3.77
3.76
3.75
3.74
3.76
3.76
3.74
3.75
3.76
3.76
3.77
3.76
3.77
3.75
3.77
3.75
3.75
3.75
3.76
3.76
3.75
3.74
3.76
3.75
3.75
3.75
3.75
3.76
3.75
3.76
3.77
3.75
3.76
3.76
3.77
3.76
3.75
3.75
3.75
3.74
3.75
3.76
3.76
3.75
3.76
3.76
3.75
3.76
3.75
3.73
3.77
3.75
3.76
3.76
3.74
3.78
3.76
3.75
3.75
3.77
3.77
3.76
3.75
3.77
3.77
3.76
3.74
3.75
3.77
3.76
3.77
3.75
3.76
3.76
3.75
3.76
3.76
3.76
3.75
3.76
3.75
3.75
3.76
3.76
3.75
3.76
3.75
3.74
3.76
3.77
3.76
3.75
3.75
3.74
3.75
3.74
3.76
3.74
3.76
3.75
3.75
3.74
3.76
3.76
3.76
3.76
3.76
3.76
3.77
3.76
3.76
3.75
3.77
3.75
3.78
3.76
3.77
3.76
3.76
3.76
3.75
3.76
3.75
3.77
3.75
3.76
3.75
3.76
3.76
3.77
3.77
3.76
3.77
3.76
3.76
3.75
3.76
3.76
3.75
3.74
3.76
3.76
3.76
3.75
3.75
3.76
3.77
3.76
3.75
3.75
3.77
3.75
3.76
3.75
3.76
3.77
3.76
3.77
3.75
3.78
3.76
3.76
3.74
3.75
3.76
3.76
3.75
3.76
3.77
3.75
3.77
3.77
3.76
3.76
3.76
3.77
3.76
3.75
3.77
3.75
3.75
3.76
3.76
3.75
3.77
3.76
3.76
3.75
3.76
3.77
3.75
3.76
3.75
3.74
3.76
3.74
3.76
3.77
3.75
3.76
3.78
3.75
3.77
3.74
3.74
3.76
3.76
3.76
3.77
3.76
3.75
3.75
3.77
3.77
3.75
3.76
3.75
3.76
3.75
3.74
3.77
3.75
3.76
3.76
3.74
3.77
3.74
3.75
3.77
3.77
3.76
3.75
3.77
3.76
3.76
3.76
3.77
3.76
3.77
3.76
3.75
3.76
3.75
3.75
3.74
3.77
3.74
3.78
3.75
3.75
3.75
3.76
3.74
3.76
3.75
3.76
3.76
3.77
3.75
3.75
3.76
3.76
3.76
3.76
3.75
3.74
3.75
3.75
3.76
3.74
3.75
3.75
3.76
3.75
3.75
3.76
3.76
3.76
3.76
3.76
3.76
3.76
3.76
3.75
3.76
3.76
3.76
3.75
3.75
3.75
3.76
3.75
3.75
3.77
3.76
3.75
3.76
3.74
3.75
3.75
3.76
3.76
3.74
3.75
3.76
3.78
3.75
3.77
3.75
3.75
3.77
3.75
3.75
3.74
3.75
3.75
3.75
3.75
3.76
3.75
3.76
3.74
3.78
3.76
3.76
3.75
3.75
3.75
3.76
3.76
3.75
3.76
3.78
3.74
3.75
3.76
3.75
3.75
3.75
3.76
3.76
3.75
3.76
3.76
3.76
3.76
3.76
3.76
3.75
3.76
3.76
3.74
3.76
3.75
3.75
3.75
3.76
3.76
3.75
3.74
3.75
3.76
3.74
3.75
3.74
3.76
3.74
3.75
3.76
3.76
3.75
3.76
3.75
3.75
3.76
3.76
3.76
3.76
3.77
3.76
3.77
3.76
3.76
3.75
3.77
3.77
3.76
3.75
3.75
3.76
3.77
3.77
3.74
3.75
3.75
3.75
3.76
3.76
3.75
3.77
3.75
3.77
3.76
3.76
3.75
3.77
3.75
3.76
3.75
3.77
3.75
3.75
3.76
3.77
3.75
3.77
3.75
3.75
3.75
3.76
3.77
3.74
3.74
3.75
3.76
3.75
3.74
3.75
3.75
3.77
3.76
3.78
3.76
3.76
3.76
3.76
3.75
3.75
3.76
3.74
3.76
3.74
3.75
3.76
3.76
3.77
3.76
3.76
3.77
3.76
3.75
3.75
3.74
3.76
3.76
3.75
3.77
3.75
3.75
3.76
3.76
3.76
3.76
3.78
3.76
3.76
3.76
3.75
3.75
3.76
3.75
3.76
3.74
3.75
3.76
3.76
3.76
3.75
3.75
3.75
3.77
3.77
3.75
3.76
3.77
3.75
3.75
3.77
3.77
3.75
3.75
3.76
3.76
3.77
3.74
3.77
3.77
3.77
3.75
3.75
3.75
3.76
3.75
3.77
3.75
3.74
3.78
3.76
3.76
3.76
3.75
3.76
3.78
3.75
3.77
3.75
3.76
3.77
3.75
3.77
3.77
3.77
3.76
3.75
3.75
3.76
3.76
3.76
3.76
3.76
3.77
3.75
3.78
3.75
3.75
3.76
3.75
3.77
3.76
3.76
3.76
3.77
3.76
3.77
3.76
3.76
3.77
3.76
3.76
3.75
3.77
3.77
3.77
3.79
3.76
3.77
3.77
3.75
3.76
3.76
3.76
3.75
3.75
3.76
3.76
3.76
3.75
3.76
3.76
3.75
3.75
3.75
3.74
3.75
3.77
3.75
3.74
3.78
3.77
3.75
3.74
3.75
3.76
3.76
3.76
3.76
3.76
3.74
3.77
3.75
3.76
3.74
3.77
3.76
3.77
3.76
3.76
3.78
3.77
3.76
3.75
3.75
3.77
3.75
3.75
3.74
3.76
3.77
3.77
3.75
3.77
3.75
3.77
3.74
3.76
3.77
3.76
3.76
3.76
3.76
3.75
3.77
3.77
3.77
3.76
3.76
3.74
3.75
3.77
3.76
3.78
3.78
3.76
3.77
3.77
3.76
3.76
3.76
3.76
3.78
3.75
3.76
3.75
3.76
3.77
3.75
3.74
3.75
3.76
3.76
3.77
3.75
3.75
3.76
3.75
3.75
3.75
3.75
3.76
3.77
3.76
3.77
3.75
3.75
3.76
3.77
3.76
3.76
3.76
3.77
3.76
3.76
3.75
3.74
3.77
3.76
3.77
3.76
3.76
3.75
3.76
3.76
3.77
3.76
3.75
3.77
3.75
3.76
3.77
3.75
3.75
3.76
3.76
3.75
3.76
3.75
3.76
3.76
3.75
3.75
3.77
3.75
3.76
3.77
3.77
3.74
3.76
3.75
3.77
3.75
3.76
3.77
3.77
3.75
3.75
3.74
3.76
3.76
3.74
3.77
3.76
3.76
3.77
3.76
3.76
3.75
3.77
3.76
3.75
3.78
3.74
3.76
3.78
3.76
3.76
3.74
3.74
3.75
3.76
3.74
3.77
3.74
3.75
3.77
3.77
3.76
3.77
3.75
3.76
3.75
3.76
3.74
3.76
3.77
3.75
3.76
3.76
3.76
3.75
3.76
3.75
3.76
3.75
3.76
3.76
3.75
3.75
3.75
3.75
3.76
3.75
3.75
3.76
3.76
3.75
3.76
3.77
3.76
3.76
3.76
3.74
3.77
3.76
3.75
3.76
3.77
3.75
3.75
3.74
3.77
3.74
3.76
3.76
3.76
3.75
3.75
3.75
3.76
3.77
3.75
3.75
3.75
3.76
3.75
3.76
3.76
3.76
3.77
3.74
3.76
2.75
2.49
2.35
2.27
2.21
2.15
2.11
2.09
2.05
2.01
1.99
1.97
1.96
0.59
0.31
89,99,1014
0.12
43,88,1014
0.37
0.70
0.49
0.12
0.56
0.05
0.41
0.15
0.29
0.37
0.44
0.58
0.90
0.62
0.49
0.25
0.17
0.54
0.25
0.35
0.35
0.32
0.45
0.42
0.49
0.30
0.31
0.13
0.36
0.30
0.45
0.46
0.46
0.36
0,68,1014
0.76
0.56
